0 0 1.7671e-06
0 1 4.913e-06
0 2 1.14386e-05
0 3 2.45155e-05
0 4 4.86703e-05
0 5 8.8983e-05
0 6 0.000148591
0 7 0.000224582
0 8 0.000304396
0 9 0.000366868
0 10 0.00039073
0 11 0.000366868
0 12 0.000304396
0 13 0.000224581
0 14 0.000148587
0 15 8.89726e-05
0 16 4.86386e-05
0 17 2.44224e-05
0 18 1.11773e-05
0 19 4.21497e-06
1 0 5.49142e-06
1 1 1.54146e-05
1 2 3.6317e-05
1 3 7.88031e-05
1 4 0.000158361
1 5 0.000292904
1 6 0.000494355
1 7 0.000754129
1 8 0.00102965
1 9 0.00124688
1 10 0.00133019
1 11 0.00124688
1 12 0.00102965
1 13 0.000754127
1 14 0.000494346
1 15 0.000292874
1 16 0.000158267
1 17 7.85247e-05
1 18 3.55259e-05
1 19 1.32736e-05
2 0 1.47538e-05
2 1 4.18984e-05
2 2 0.000100136
2 3 0.000220534
2 4 0.000449697
2 5 0.000843414
2 6 0.00144182
2 7 0.00222411
2 8 0.00306357
2 9 0.00373129
2 10 0.00398861
2 11 0.00373129
2 12 0.00306357
2 13 0.0022241
2 14 0.0014418
2 15 0.000843339
2 16 0.00044946
2 17 0.00021982
2 18 9.80761e-05
2 19 3.62362e-05
3 0 3.71125e-05
3 1 0.000106688
3 2 0.000258829
3 3 0.00057895
3 4 0.00119874
3 5 0.00228134
3 6 0.00395291
3 7 0.00616995
3 8 0.0085788
3 9 0.010513
3 10 0.0112623
3 11 0.010513
3 12 0.0085788
3 13 0.00616994
3 14 0.00395285
3 15 0.00228116
3 16 0.00119818
3 17 0.000577239
3 18 0.000253812
3 19 9.26763e-05
4 0 8.76833e-05
4 1 0.000255204
4 2 0.000628579
4 3 0.00142829
4 4 0.00300358
4 5 0.00580193
4 6 0.010193
4 7 0.0161044
4 8 0.0226108
4 9 0.0278872
4 10 0.0299426
4 11 0.0278872
4 12 0.0226108
4 13 0.0161044
4 14 0.0101929
4 15 0.00580155
4 16 0.00300234
4 17 0.00142443
4 18 0.000617106
4 19 0.000222637
5 0 0.00019352
5 1 0.000570247
5 2 0.0014259
5 3 0.00329125
5 4 0.00702974
5 5 0.0137844
5 6 0.0245583
5 7 0.0392849
5 8 0.0557106
5 9 0.0691686
5 10 0.0744424
5 11 0.0691686
5 12 0.0557106
5 13 0.0392848
5 14 0.024558
5 15 0.0137837
5 16 0.00702717
5 17 0.00328314
5 18 0.00140138
5 19 0.000499522
6 0 0.000396095
6 1 0.00118145
6 2 0.00299832
6 3 0.00702838
6 4 0.0152444
6 5 0.0303415
6 6 0.0548187
6 7 0.0887933
6 8 0.127204
6 9 0.15901
6 10 0.171551
6 11 0.15901
6 12 0.127204
6 13 0.0887932
6 14 0.0548183
6 15 0.03034
6 16 0.0152395
6 17 0.00701252
6 18 0.00294964
6 19 0.00103894
7 0 0.000745628
7 1 0.00225015
7 2 0.00579241
7 3 0.0137817
7 4 0.0303409
7 5 0.0612729
7 6 0.112236
7 7 0.184056
7 8 0.266361
7 9 0.335247
7 10 0.362581
7 11 0.335247
7 12 0.266361
7 13 0.184056
7 14 0.112235
7 15 0.0612703
7 16 0.0303321
7 17 0.0137531
7 18 0.00570343
7 19 0.00198584
8 0 0.00127888
8 1 0.00390156
8 2 0.0101774
8 3 0.0245538
8 4 0.0548175
8 5 0.112235
8 6 0.208297
8 7 0.345668
8 8 0.505183
8 9 0.640113
8 10 0.693994
8 11 0.640113
8 12 0.505183
8 13 0.345668
8 14 0.208296
8 15 0.112231
8 16 0.0548031
8 17 0.0245066
8 18 0.0100289
8 19 0.00345435
9 0 0.0019783
9 1 0.0060933
9 2 0.0160815
9 3 0.0392782
9 4 0.0887915
9 5 0.184055
9 6 0.345668
9 7 0.579904
9 8 0.855249
9 9 1.09049
9 10 1.18501
9 11 1.09049
9 12 0.855249
9 13 0.579904
9 14 0.345666
9 15 0.184049
9 16 0.0887702
9 17 0.0392078
9 18 0.0158569
9 19 0.00540966
10 0 0.00273087
10 1 0.00847592
10 2 0.0225803
10 3 0.0557018
10 4 0.127202
10 5 0.26636
10 6 0.505183
10 7 0.855249
10 8 1.27106
10 9 1.62938
10 10 1.77414
10 11 1.62938
10 12 1.27106
10 13 0.855249
10 14 0.505181
10 15 0.266352
10 16 0.127173
10 17 0.0556071
10 18 0.0222759
10 19 0.00754101
11 0 0.00333068
11 1 0.0103898
11 2 0.0278507
11 3 0.0691582
11 4 0.159007
11 5 0.335246
11 6 0.640112
11 7 1.09049
11 8 1.62938
11 9 2.09664
11 10 2.28615
11 11 2.09664
11 12 1.62938
11 13 1.09049
11 14 0.640109
11 15 0.335237
11 16 0.158973
11 17 0.0690446
11 18 0.0274838
11 19 0.00925646
12 0 0.00356206
12 1 0.0111313
12 2 0.0299039
12 3 0.0744312
12 4 0.171547
12 5 0.36258
12 6 0.693992
12 7 1.185
12 8 1.77413
12 9 2.28615
12 10 2.49413
12 11 2.28615
12 12 1.77413
12 13 1.185
12 14 0.69399
12 15 0.362569
12 16 0.171511
12 17 0.0743105
12 18 0.0295132
12 19 0.00992186
13 0 0.00333061
13 1 0.0103896
13 2 0.0278503
13 3 0.0691574
13 4 0.159006
13 5 0.335244
13 6 0.640108
13 7 1.09048
13 8 1.62938
13 9 2.09663
13 10 2.28614
13 11 2.09663
13 12 1.62938
13 13 1.09048
13 14 0.640105
13 15 0.335234
13 16 0.158972
13 17 0.0690438
13 18 0.0274835
13 19 0.00925632
14 0 0.00273065
14 1 0.00847532
14 2 0.0225789
14 3 0.055699
14 4 0.127196
14 5 0.266351
14 6 0.505168
14 7 0.855226
14 8 1.27103
14 9 1.62935
14 10 1.7741
14 11 1.62935
14 12 1.27103
14 13 0.855226
14 14 0.505165
14 15 0.266342
14 16 0.127168
14 17 0.0556043
14 18 0.0222745
14 19 0.0075405
15 0 0.00197762
15 1 0.00609144
15 2 0.0160772
15 3 0.0392693
15 4 0.088774
15 5 0.184024
15 6 0.345616
15 7 0.579827
15 8 0.855146
15 9 1.09037
15 10 1.18487
15 11 1.09037
15 12 0.855146
15 13 0.579827
15 14 0.345615
15 15 0.184018
15 16 0.0887528
15 17 0.0391988
15 18 0.0158527
15 19 0.00540808
16 0 0.00127689
16 1 0.00389604
16 2 0.0101647
16 3 0.0245264
16 4 0.0547634
16 5 0.112137
16 6 0.208133
16 7 0.345421
16 8 0.504848
16 9 0.639709
16 10 0.693564
16 11 0.639709
16 12 0.504848
16 13 0.34542
16 14 0.208132
16 15 0.112133
16 16 0.0547491
16 17 0.0244794
16 18 0.0100164
16 19 0.00344962
17 0 0.000740067
17 1 0.00223455
17 2 0.00575568
17 3 0.013702
17 4 0.0301809
17 5 0.0609772
17 6 0.111737
17 7 0.183295
17 8 0.265322
17 9 0.33399
17 10 0.36124
17 11 0.33399
17 12 0.265322
17 13 0.183295
17 14 0.111736
17 15 0.0609746
17 16 0.0301722
17 17 0.0136737
17 18 0.0056675
17 19 0.0019724
18 0 0.000381321
18 1 0.00113949
18 2 0.00289806
18 3 0.0068076
18 4 0.0147943
18 5 0.0294973
18 6 0.0533756
18 7 0.0865674
18 8 0.124138
18 9 0.155276
18 10 0.167559
18 11 0.155276
18 12 0.124138
18 13 0.0865672
18 14 0.0533752
18 15 0.0294959
18 16 0.0147895
18 17 0.00679245
18 18 0.00285145
18 19 0.00100265
19 0 0.000156401
19 1 0.000463544
19 2 0.00116704
19 3 0.00271224
19 4 0.00583088
19 5 0.0115029
19 6 0.020605
19 7 0.0331144
19 8 0.0471312
19 9 0.0586549
19 10 0.0631793
19 11 0.0586549
19 12 0.0471312
19 13 0.0331144
19 14 0.0206049
19 15 0.0115023
19 16 0.00582887
19 17 0.00270584
19 18 0.00114753
19 19 0.000406834
