0 0 0.000137794
0 1 0.000318391
0 2 0.000585471
0 3 0.000980899
0 4 0.00153589
0 5 0.0022561
0 6 0.00310491
0 7 0.00399382
0 8 0.00479009
0 9 0.00534661
0 10 0.0055469
0 11 0.00534652
0 12 0.00478984
0 13 0.00399318
0 14 0.00310336
0 15 0.00225244
0 16 0.00152763
0 17 0.000963002
0 18 0.000548374
0 19 0.000245051
1 0 0.000342209
1 1 0.000792753
1 2 0.0014628
1 3 0.00245994
1 4 0.00386581
1 5 0.00569758
1 6 0.00786408
1 7 0.0101397
1 8 0.012183
1 9 0.0136134
1 10 0.0141286
1 11 0.0136132
1 12 0.0121824
1 13 0.0101382
1 14 0.00786032
1 15 0.00568871
1 16 0.00384569
1 17 0.00241613
1 18 0.00137156
1 19 0.000611496
2 0 0.00069579
2 1 0.00161731
2 2 0.00299786
2 3 0.00506607
2 4 0.00799929
2 5 0.0118412
2 6 0.0164061
2 7 0.0212195
2 8 0.0255547
2 9 0.0285959
2 10 0.0296926
2 11 0.0285955
2 12 0.0255535
2 13 0.0212165
2 14 0.0163987
2 15 0.0118237
2 16 0.00795941
2 17 0.0049787
2 18 0.0028147
2 19 0.00125111
3 0 0.0013092
3 1 0.00305424
3 2 0.005689
3 3 0.00966428
3 4 0.0153377
3 5 0.0228103
3 6 0.0317328
3 7 0.0411802
3 8 0.0497167
3 9 0.0557189
3 10 0.0578859
3 11 0.0557182
3 12 0.0497146
3 13 0.0411748
3 14 0.0317195
3 15 0.0227786
3 16 0.0152647
3 17 0.00950324
3 18 0.00534906
3 19 0.00236986
4 0 0.00232369
4 1 0.0054407
4 2 0.0101834
4 3 0.0173895
4 4 0.0277379
4 5 0.0414438
4 6 0.057889
4 7 0.0753736
4 8 0.091224
4 9 0.102394
4 10 0.106431
4 11 0.102393
4 12 0.0912205
4 13 0.0753646
4 14 0.0578663
4 15 0.0413893
4 16 0.0276118
4 17 0.0171094
4 18 0.00958812
4 19 0.00423412
5 0 0.00389528
5 1 0.00915235
5 2 0.0172105
5 3 0.0295361
5 4 0.047342
5 5 0.0710507
5 6 0.0996316
5 7 0.13014
5 8 0.157884
5 9 0.177479
5 10 0.18457
5 11 0.177477
5 12 0.157879
5 13 0.130126
5 14 0.0995951
5 15 0.0709622
5 16 0.047136
5 17 0.0290755
5 18 0.0162253
5 19 0.0071426
6 0 0.00615232
6 1 0.0145028
6 2 0.0273905
6 3 0.0472264
6 4 0.0760412
6 5 0.114599
6 6 0.161286
6 7 0.211309
6 8 0.256935
6 9 0.289225
6 10 0.300922
6 11 0.289222
6 12 0.256927
6 13 0.211287
6 14 0.161231
6 15 0.114464
6 16 0.0757234
6 17 0.0465118
6 18 0.0258528
6 19 0.0113473
7 0 0.00912626
7 1 0.0215772
7 2 0.0409125
7 3 0.0708396
7 4 0.114532
7 5 0.173264
7 6 0.244663
7 7 0.321427
7 8 0.391633
7 9 0.441414
7 10 0.459465
7 11 0.44141
7 12 0.391621
7 13 0.321395
7 14 0.244583
7 15 0.173068
7 16 0.114071
7 17 0.0697964
7 18 0.0386557
7 19 0.0169211
8 0 0.0126729
8 1 0.0300402
8 2 0.0571552
8 3 0.0993289
8 4 0.161171
8 5 0.244628
8 6 0.346443
8 7 0.456237
8 8 0.556893
8 9 0.628385
8 10 0.654331
8 11 0.62838
8 12 0.556877
8 13 0.456195
8 14 0.346335
8 15 0.244362
8 16 0.160542
8 17 0.0979
8 18 0.05405
8 19 0.0236043
9 0 0.0164225
9 1 0.0390111
9 2 0.0744334
9 3 0.129748
9 4 0.211152
9 5 0.321367
9 6 0.456217
9 7 0.601998
9 8 0.735911
9 9 0.831157
9 10 0.865748
9 11 0.83115
9 12 0.735891
9 13 0.601944
9 14 0.45608
9 15 0.321029
9 16 0.210349
9 17 0.127918
9 18 0.0704395
9 19 0.0307023
10 0 0.0198057
10 1 0.0471226
10 2 0.0900999
10 3 0.157413
10 4 0.256741
10 5 0.39155
10 6 0.556854
10 7 0.735891
10 8 0.900601
10 9 1.01787
10 10 1.06049
10 11 1.01787
10 12 0.900578
10 13 0.735828
10 14 0.556691
10 15 0.391148
10 16 0.255783
10 17 0.155224
10 18 0.0853101
10 19 0.0371299
11 0 0.0221811
11 1 0.0528263
11 2 0.101138
11 3 0.176946
11 4 0.288994
11 5 0.4413
11 6 0.628311
11 7 0.831097
11 8 1.01783
11 9 1.15087
11 10 1.19923
11 11 1.15086
11 12 1.0178
11 13 0.831027
11 14 0.628131
11 15 0.440853
11 16 0.287929
11 17 0.174506
11 18 0.095792
11 19 0.0416544
12 0 0.023035
12 1 0.0548788
12 2 0.105115
12 3 0.183992
12 4 0.300645
12 5 0.459292
12 6 0.65418
12 7 0.865591
12 8 1.06033
12 9 1.19911
12 10 1.24956
12 11 1.1991
12 12 1.0603
12 13 0.865519
12 14 0.653993
12 15 0.458829
12 16 0.299541
12 17 0.181463
12 18 0.0995696
12 19 0.0432836
13 0 0.0221681
13 1 0.0527968
13 2 0.101084
13 3 0.176858
13 4 0.288859
13 5 0.441104
13 6 0.628045
13 7 0.830759
13 8 1.01743
13 9 1.15042
13 10 1.19877
13 11 1.15041
13 12 1.0174
13 13 0.830688
13 14 0.627865
13 15 0.440658
13 16 0.287794
13 17 0.17442
13 18 0.0957422
13 19 0.0416319
14 0 0.0197705
14 1 0.0470422
14 2 0.0899539
14 3 0.157172
14 4 0.256368
14 5 0.391009
14 6 0.556117
14 7 0.734951
14 8 0.899481
14 9 1.01663
14 10 1.0592
14 11 1.01662
14 12 0.899457
14 13 0.734888
14 14 0.555954
14 15 0.390608
14 16 0.255412
14 17 0.154987
14 18 0.0851739
14 19 0.0370685
15 0 0.0163419
15 1 0.0388261
15 2 0.0740957
15 3 0.129188
15 4 0.210281
15 5 0.320097
15 6 0.45448
15 7 0.599775
15 8 0.733256
15 9 0.8282
15 10 0.862683
15 11 0.828193
15 12 0.733236
15 13 0.599722
15 14 0.454344
15 15 0.319761
15 16 0.209483
15 17 0.127368
15 18 0.0701241
15 19 0.0305606
16 0 0.0124991
16 1 0.0296394
16 2 0.0564203
16 3 0.0981011
16 4 0.159254
16 5 0.241819
16 6 0.342585
16 7 0.451283
16 8 0.550959
16 9 0.621766
16 10 0.647466
16 11 0.621761
16 12 0.550943
16 13 0.451242
16 14 0.342479
16 15 0.241557
16 16 0.158635
16 17 0.0966951
16 18 0.0533623
16 19 0.0232964
17 0 0.00876862
17 1 0.0207493
17 2 0.0393862
17 3 0.0682754
17 4 0.110506
17 5 0.167335
17 6 0.236486
17 7 0.310889
17 8 0.378977
17 9 0.427275
17 10 0.444792
17 11 0.427272
17 12 0.378966
17 13 0.310859
17 14 0.23641
17 15 0.167149
17 16 0.110066
17 17 0.0672782
17 18 0.037225
17 19 0.0162829
18 0 0.00545025
18 1 0.0128713
18 2 0.0243671
18 3 0.0421185
18 4 0.067978
18 5 0.102666
18 6 0.144756
18 7 0.189933
18 8 0.231194
18 9 0.260423
18 10 0.271016
18 11 0.260421
18 12 0.231187
18 13 0.189914
18 14 0.144708
18 15 0.102548
18 16 0.0677005
18 17 0.0414922
18 18 0.0230143
18 19 0.0100854
19 0 0.00258389
19 1 0.00609315
19 2 0.0115126
19 3 0.0198573
19 4 0.0319823
19 5 0.0482089
19 6 0.0678564
19 7 0.0889065
19 8 0.108104
19 9 0.12169
19 10 0.126611
19 11 0.121689
19 12 0.108101
19 13 0.0888973
19 14 0.0678332
19 15 0.0481523
19 16 0.0318494
19 17 0.0195581
19 18 0.010868
19 19 0.00476899
